Kff =

   1.0e+04 *

    1.8200   -0.0000   -0.0128   -0.2150         0         0         0         0         0         0         0
   -0.0000    0.0160    0.0032   -0.0000   -0.0080   -0.0008    0.0000         0         0         0         0
   -0.0128    0.0032    0.0011   -0.0080   -0.0008   -0.0002    0.0048         0         0         0         0
   -0.2150   -0.0000   -0.0080    2.3067   -0.0000   -0.0048    0.1183         0         0         0         0
         0   -0.0080   -0.0008   -0.0000    0.0160         0   -0.0000   -0.0080    0.0008   -0.0000         0
         0   -0.0008   -0.0002   -0.0048         0    0.0003         0    0.0008   -0.0002    0.0048         0
         0    0.0000    0.0048    0.1183   -0.0000         0    0.9733    0.0000   -0.0048    0.1183         0
         0         0         0         0   -0.0080    0.0008    0.0000    0.0160   -0.0032   -0.0000   -0.0000
         0         0         0         0    0.0008   -0.0002   -0.0048   -0.0032    0.0011    0.0080    0.0128
         0         0         0         0   -0.0000    0.0048    0.1183   -0.0000    0.0080    2.3067   -0.2150
         0         0         0         0         0         0         0   -0.0000    0.0128   -0.2150    1.8200


Kff =

   1.0e+04 *

    1.8067    0.0000   -0.0127   -0.2088         0         0         0         0         0         0         0
    0.0000    0.0160    0.0031   -0.0008   -0.0080   -0.0007   -0.0010         0         0         0         0
   -0.0127    0.0031    0.0011   -0.0084   -0.0007   -0.0001    0.0044         0         0         0         0
   -0.2088   -0.0008   -0.0084    2.2516    0.0005   -0.0045    0.1225         0         0         0         0
         0   -0.0080   -0.0007    0.0005    0.0160         0    0.0020   -0.0080    0.0007    0.0005         0
         0   -0.0007   -0.0001   -0.0045         0    0.0003    0.0000    0.0007   -0.0001    0.0045         0
         0   -0.0010    0.0044    0.1225    0.0020    0.0000    0.9328   -0.0010   -0.0044    0.1225         0
         0         0         0         0   -0.0080    0.0007   -0.0010    0.0160   -0.0031   -0.0008    0.0000
         0         0         0         0    0.0007   -0.0001   -0.0044   -0.0031    0.0011    0.0084    0.0127
         0         0         0         0    0.0005    0.0045    0.1225   -0.0008    0.0084    2.2516   -0.2088
         0         0         0         0         0         0         0    0.0000    0.0127   -0.2088    1.8067


Kff =

   1.0e+04 *

    1.8073    0.0000   -0.0127   -0.2087         0         0         0         0         0         0         0
    0.0000    0.0160    0.0031   -0.0009   -0.0080   -0.0007   -0.0011         0         0         0         0
   -0.0127    0.0031    0.0010   -0.0085   -0.0007   -0.0001    0.0044         0         0         0         0
   -0.2087   -0.0009   -0.0085    2.2480    0.0006   -0.0045    0.1229         0         0         0         0
         0   -0.0080   -0.0007    0.0006    0.0160    0.0000    0.0022   -0.0080    0.0007    0.0006         0
         0   -0.0007   -0.0001   -0.0045    0.0000    0.0003    0.0000    0.0007   -0.0001    0.0045         0
         0   -0.0011    0.0044    0.1229    0.0022    0.0000    0.9281   -0.0011   -0.0044    0.1229         0
         0         0         0         0   -0.0080    0.0007   -0.0011    0.0160   -0.0031   -0.0009    0.0000
         0         0         0         0    0.0007   -0.0001   -0.0044   -0.0031    0.0010    0.0085    0.0127
         0         0         0         0    0.0006    0.0045    0.1229   -0.0009    0.0085    2.2480   -0.2087
         0         0         0         0         0         0         0    0.0000    0.0127   -0.2087    1.8073


Kff =

   1.0e+04 *

    1.8073    0.0000   -0.0127   -0.2087         0         0         0         0         0         0         0
    0.0000    0.0160    0.0031   -0.0009   -0.0080   -0.0007   -0.0011         0         0         0         0
   -0.0127    0.0031    0.0010   -0.0085   -0.0007   -0.0001    0.0044         0         0         0         0
   -0.2087   -0.0009   -0.0085    2.2479    0.0006   -0.0045    0.1229         0         0         0         0
         0   -0.0080   -0.0007    0.0006    0.0160    0.0000    0.0022   -0.0080    0.0007    0.0006         0
         0   -0.0007   -0.0001   -0.0045    0.0000    0.0003    0.0000    0.0007   -0.0001    0.0045         0
         0   -0.0011    0.0044    0.1229    0.0022    0.0000    0.9281   -0.0011   -0.0044    0.1229         0
         0         0         0         0   -0.0080    0.0007   -0.0011    0.0160   -0.0031   -0.0009    0.0000
         0         0         0         0    0.0007   -0.0001   -0.0044   -0.0031    0.0010    0.0085    0.0127
         0         0         0         0    0.0006    0.0045    0.1229   -0.0009    0.0085    2.2479   -0.2087
         0         0         0         0         0         0         0    0.0000    0.0127   -0.2087    1.8073


Kff =

   1.0e+04 *

    1.8073    0.0000   -0.0127   -0.2087         0         0         0         0         0         0         0
    0.0000    0.0160    0.0031   -0.0009   -0.0080   -0.0007   -0.0011         0         0         0         0
   -0.0127    0.0031    0.0010   -0.0085   -0.0007   -0.0001    0.0044         0         0         0         0
   -0.2087   -0.0009   -0.0085    2.2479    0.0006   -0.0045    0.1229         0         0         0         0
         0   -0.0080   -0.0007    0.0006    0.0160         0    0.0022   -0.0080    0.0007    0.0006         0
         0   -0.0007   -0.0001   -0.0045         0    0.0003         0    0.0007   -0.0001    0.0045         0
         0   -0.0011    0.0044    0.1229    0.0022         0    0.9281   -0.0011   -0.0044    0.1229         0
         0         0         0         0   -0.0080    0.0007   -0.0011    0.0160   -0.0031   -0.0009    0.0000
         0         0         0         0    0.0007   -0.0001   -0.0044   -0.0031    0.0010    0.0085    0.0127
         0         0         0         0    0.0006    0.0045    0.1229   -0.0009    0.0085    2.2479   -0.2087
         0         0         0         0         0         0         0    0.0000    0.0127   -0.2087    1.8073

Rf =

         0
         0
         0
         0
         0
    2.5000
         0
         0
         0
         0
         0


Rf =

   -0.0725
   -0.4497
   -0.1238
   -0.8911
    0.0000
    0.2535
   -0.0000
    0.4497
   -0.1238
    0.8911
    0.0725


Rf =

   -0.0001
   -0.0058
   -0.0015
   -0.0195
   -0.0000
    0.0031
    0.0000
    0.0058
   -0.0015
    0.0195
    0.0001


Rf =

   1.0e-05 *

   -0.0013
   -0.0909
   -0.0243
   -0.3221
    0.0000
    0.0494
   -0.0000
    0.0909
   -0.0243
    0.3221
    0.0013


Rf =

   1.0e-13 *

   -0.0400
   -0.2309
   -0.0644
   -0.7816
   -0.0089
    0.1266
    0.0711
    0.2309
   -0.0622
    0.6395
         0